1000000000100511147510
1000000000100511153788
1000000000100511132632
1000000000100511148700

1000000000100511135642
1000000000100511173522
100000000010051194627
1000000000100511148099

1000000000100511202314
1000000000100511164853
1000000000100511204276
1000000000100511168155

1000000000100511202313
1000000000100511204346
1000000000100511165786
1000000000100511204279

1000000000100511164745
1000000000100511164744
100000000010051194628
1000000000100511151595

100000000010051122909
1000000000100511216014
1000000000100511211209
1000000000100511153789

1000000000100511120274
1000000000100511210417
1000000000100511208679
1000000000100511148704

1000000000100511151326
1000000000100511151325
1000000000100511160153
100000000010051191963


